00 0 04 00 12 16
00 0 00 04 16 12
00 1 06 06 06 06
01 0 00 00 16 16
02 0 00 00 12 16
02 0 00 04 16 12
02 1 10 06 07 06
03 0 00 00 16 16
04 0 00 00 16 16
05 0 00 00 16 16
06 0 00 00 16 16
07 0 00 00 16 16
08 0 00 00 16 16
09 0 00 00 16 16
10 1 15 15 16 16
11 1 01 15 16 16
12 1 15 01 16 16
13 1 01 01 16 16
14 0 01 06 15 10
14 1 08 08 07 07
15 1 08 08 07 07
16 0 00 00 16 16
17 0 00 00 16 16
18 0 00 00 16 16
19 0 00 08 16 08
20 0 00 00 16 16
21 0 00 00 16 08
21 0 00 00 08 16
21 1 09 09 08 08
22 0 00 00 16 16
23 0 00 00 16 16
24 0 00 00 16 16
25 0 00 00 16 16
26 0 00 00 16 16
27 0 00 02 16 14
28 0 00 00 16 16
29 0 00 00 16 16
30 0 00 00 16 16
31 1 08 12 05 04