000 0 00 00 16 16
001 0 00 00 16 16
002 0 00 00 16 16
024 0 00 00 16 16
025 0 00 00 16 16
026 0 00 00 16 16
048 0 00 00 16 16
049 0 00 00 16 16
050 0 00 00 16 16
051 0 00 00 16 16
176 1 15 15 16 16
177 0 00 00 16 16
200 0 00 00 16 16
201 0 00 00 16 16
208 0 00 00 16 16
253 0 00 00 16 16
264 0 00 00 16 16
265 0 00 00 16 16
270 0 00 00 16 16
271 0 00 08 16 08
274 0 00 00 16 16
275 0 00 00 16 16
292 0 00 00 16 16
293 0 00 00 16 16
294 0 00 00 16 16
295 0 00 00 16 16
300 0 00 00 16 16
322 0 00 02 16 14
324 0 00 00 16 16
340 0 00 00 16 16
524 0 00 00 16 16