00 0 00 00 16 16
01 0 00 00 16 16
02 0 00 00 16 16
03 0 00 00 16 16
04 0 00 00 16 16
05 0 00 00 16 16
06 0 00 00 16 16
07 0 00 00 16 16
08 0 00 00 16 16
09 0 00 00 16 16
10 1 15 15 16 16
11 1 01 15 16 16
12 1 15 01 16 16
13 1 01 01 16 16
14 0 00 00 16 16
15 0 00 00 16 16
16 0 00 00 16 16
17 0 00 00 16 16
18 0 00 00 16 16
19 0 00 08 16 08
20 0 00 00 16 16
21 0 00 00 16 16
22 0 00 00 16 16
23 0 00 00 16 16
24 0 00 00 16 16
25 0 00 00 16 16
26 0 00 00 16 16
27 0 00 02 16 14
28 0 00 00 16 16
29 0 00 00 16 16
30 0 00 00 16 16
31 1 08 12 05 04